56318256
56316096
74350156
66728478
57663110
59473358
55880906
52276738
54391438
721995
53788962
53840143
72040315
59165713
53745343
70833240
68837420
55880902
58189861
72537395
45082361
39992118
49362726
58388712
73136075
55880882
59149605
74354158
70692012
57989813
59505901
57620993
52288186
59505903
56694005
59032382
42964511
70660904
53827027
73812298
68821748
50667330
45151660
50274293
20955090
48158736
53788970
59473364
299461
389145
356188
299431
9830444
916784
25078249
66622335
899588
67907870
4312979
637038
55897
702134
899654
7770389
233157
54665
52241344
702132
56930154
11921226
19359126
73165085
51133790
23518127
12090644
14990454
233129
9355345
72340951
2945421
58340599
54790247
56889347
48593975
2126227
45842739
44241909
23362701
53082795
2301357
31581197
57452525
5913881
31897051
916764
203734
38323087
448538
63191179
27654198
571874
15219201
63190320
11199995
448543
21017949
1069770
448544
27655381
26166686
23911709
31966736
12197245
36238694
23802806
448549
50930340
31713655
26214959
448533
8057205
571781
571764
63087458
448825
57956840
574270
24019859
31173948
49656419
71062052
26167807
51716712
448531
574333
31895126
31949590
34239810
478518
16215645
31894966
448540
550957
571884